[2642,
 2691,
 2784,
 2663,
 2686,
 2519,
 2561,
 2607,
 2540,
 2366,
 2416,
 2545,
 2283,
 2600,
 2348,
 2502,
 2676,
 2603,
 2483,
 2598,
 2458,
 2159,
 2159,
 2300,
 2468,
 2610,
 2640,
 2555,
 2785,
 2579,
 2767,
 2758,
 2622,
 2665,
 2669,
 2507,
 2769,
 2816,
 2540,
 2594,
 2560,
 2494,
 2552,
 2485,
 2397,
 2505,
 2620,
 2578,
 2448,
 2448,
 2477,
 2403,
 2657,
 2659,
 2524,
 2474,
 2410,
 2367,
 2445,
 2025,
 2195,
 2597,
 2471,
 2484,
 2484,
 2434,
 2584,
 2644,
 2585,
 2479,
 2495,
 2242,
 2364,
 2521,
 2419,
 2564,
 2511,
 2548,
 2673,
 2527,
 2438,
 2477,
 2685,
 2506,
 2572,
 2748,
 2664,
 2660,
 2636,
 2562,
 2621,
 2377,
 2731,
 2625,
 2622,
 2309,
 2461,
 2596,
 2719,
 2640,
 2735,
 2524,
 2586,
 2579,
 2566,
 2508,
 2394,
 2612,
 2545,
 2446,
 2446,
 2600,
 2687,
 2507,
 2413,
 2580,
 2697,
 2614,
 2383,
 2381,
 2709,
 2517,
 2687,
 2595,
 2586,
 2701,
 2675,
 2555,
 2555,
 2381,
 2583,
 2545,
 2576,
 2425,
 2576,
 2545,
 2534,
 2576,
 2504,
 2551,
 2587,
 2638,
 2408,
 2465,
 2395,
 2421,
 2459,
 2338,
 2670,
 2670,
 2558,
 2626,
 2626,
 2592,
 2638,
 2638,
 2654,
 2536,
 2324,
 2510,
 2545,
 2358,
 2497,
 2364,
 2340,
 2340,
 2384,
 2451,
 2367,
 2489,
 2424,
 2501,
 2590,
 2341,
 2216,
 2184,
 2394,
 2357,
 2390,
 2473,
 2412,
 2437,
 2380,
 2389,
 2389,
 2101,
 2140,
 2392,
 2251,
 2483,
 2467,
 2268,
 2529,
 2317,
 2332,
 2556,
 2364,
 2551,
 2547,
 2586,
 2309,
 2226,
 2539,
 2299,
 2335,
 2335,
 2329,
 2347,
 2229,
 2366,
 2237,
 2374,
 2211,
 2162,
 2171,
 2147,
 2203,
 2203,
 2274,
 2452,
 2425,
 2463,
 2234,
 2299,
 2188,
 2252,
 2366,
 2165,
 2242,
 2300,
 2300,
 2304,
 1924,
 2268,
 2334,
 2377,
 2489,
 2389,
 2473,
 2541,
 2443,
 2478,
 2467,
 2489,
 2442,
 2435,
 2371,
 2326,
 2401,
 2401,
 2489,
 2360,
 2322,
 2450,
 2482,
 2410,
 2390,
 2529,
 2345,
 2332,
 2383,
 2401,
 2434,
 2426,
 2232,
 2333,
 2472,
 2396,
 2538,
 2415,
 2311,
 2409,
 2427,
 2379,
 2291,
 2340,
 2328,
 2349,
 2352,
 2295,
 2477,
 2084,
 2366,
 2388,
 2440,
 2325,
 2517,
 2460,
 2284,
 2422,
 2406,
 2386,
 2501,
 2423,
 2369,
 2402,
 2516,
 2410,
 2175,
 2249,
 2222,
 2293,
 2261,
 2261,
 2396,
 2337,
 2269,
 2264,
 2254,
 2196,
 2245,
 2292,
 2115,
 2272,
 2254,
 2192,
 2298,
 2181,
 2225,
 2308,
 2103,
 2337,
 2177,
 2270,
 2251,
 2105,
 2070,
 2111,
 2099,
 1999,
 2143,
 2179,
 2166,
 2294,
 2115,
 1992,
 2280,
 2323,
 2236,
 2126,
 2081,
 2106,
 2078,
 2175,
 2155,
 2030,
 2176,
 2070,
 2054,
 2051,
 1996,
 2070,
 1993,
 1968,
 1915,
 2128,
 2151,
 2071,
 1931,
 1997,
 2106,
 2113,
 2067,
 1949,
 2053,
 1858,
 1858,
 2053,
 2049,
 2093,
 1984,
 2041,
 2094,
 1954,
 1901,
 1953,
 1967,
 1967,
 1897,
 1982,
 1993,
 1993,
 1989,
 1909,
 1882,
 2014,
 1931,
 1971,
 2016,
 2001,
 1866,
 1944,
 1959,
 1959,
 1923,
 1940,
 1866,
 1903,
 1940,
 1940,
 1899,
 1903,
 1903,
 1845,
 1884,
 1850,
 1850,
 1850,
 1884,
 1850,
 1868,
 1826,
 1808,
 1861,
 1849,
 1877,
 1850,
 1850,
 1868,
 1826,
 1850,
 1850,
 1831,
 1845,
 1826,
 1826,
 1854,
 1854,
 1827,
 1798,
 1826,
 1831,
 1826,
 1827,
 1808,
 1845,
 1826,
 1826,
 1826,
 1826,
 1826,
 1826,
 1826,
 1826,
 1817,
 1826,
 1826,
 1779,
 1808,
 1808,
 1808,
 1808,
 1826,
 1779,
 1808,
 1808,
 1798,
 1808,
 1808,
 1808,
 1779,
 1808,
 1798,
 1798,
 1798,
 1808,
 1808,
 1808,
 1808,
 1808,
 1821,
 1779,
 1808,
 1808,
 1798,
 1808,
 1808,
 1808,
 1808,
 1779,
 1826,
 1827,
 1831,
 1802,
 1808,
 1808,
 1808,
 1808,
 1808,
 1808,
 1827,
 1808,
 1808,
 1808,
 1808,
 1798,
 1798,
 1798,
 1798,
 1798]