[2504,
 2555,
 2431,
 2498,
 2498,
 2704,
 2620,
 2429,
 2581,
 2581,
 2451,
 2537,
 2687,
 2608,
 2625,
 2629,
 2497,
 2593,
 2629,
 2444,
 2399,
 2596,
 2409,
 2434,
 2732,
 2645,
 2621,
 2644,
 2563,
 2579,
 2586,
 2644,
 2675,
 2525,
 2370,
 2629,
 2553,
 2358,
 2397,
 2460,
 2578,
 2668,
 2540,
 2634,
 2524,
 2708,
 2584,
 2630,
 2565,
 2644,
 2644,
 2705,
 2355,
 2468,
 2609,
 2628,
 2633,
 2736,
 2667,
 2595,
 2628,
 2576,
 2590,
 2576,
 2635,
 2467,
 2555,
 2664,
 2443,
 2527,
 2592,
 2592,
 2504,
 2273,
 2366,
 2362,
 2480,
 2490,
 2355,
 2391,
 2335,
 2335,
 2307,
 2539,
 2317,
 2277,
 2558,
 2571,
 2594,
 2587,
 2576,
 2515,
 2484,
 2477,
 2542,
 2494,
 2420,
 2535,
 2440,
 2474,
 2487,
 2211,
 2559,
 2456,
 2501,
 2364,
 2488,
 2514,
 2466,
 2675,
 2603,
 2395,
 2469,
 2411,
 2672,
 2414,
 2458,
 2458,
 2354,
 2464,
 2289,
 2459,
 2368,
 2528,
 2507,
 2507,
 2540,
 2173,
 2301,
 2458,
 2418,
 2357,
 2572,
 2443,
 2223,
 2384,
 2421,
 2530,
 2492,
 2466,
 2461,
 2461,
 2477,
 2310,
 2437,
 2529,
 2542,
 2365,
 2365,
 2337,
 2302,
 2313,
 2208,
 2404,
 2379,
 2453,
 2466,
 2363,
 2359,
 2314,
 2248,
 2292,
 2190,
 2246,
 2242,
 2321,
 2325,
 2432,
 2470,
 2320,
 2331,
 2368,
 2309,
 2372,
 2282,
 2282,
 2259,
 2259,
 2163,
 2238,
 2159,
 2306,
 2134,
 2171,
 2229,
 2272,
 2190,
 2085,
 2130,
 2062,
 2062,
 2127,
 2080,
 2024,
 2043,
 1968,
 2055,
 1963,
 1963,
 1963,
 1963,
 1940,
 1967,
 1906,
 1906,
 1906,
 1906,
 1915,
 1937,
 1916,
 1935,
 1863,
 1910,
 1952,
 1996,
 1896,
 1896,
 1827,
 1941,
 1823,
 1823,
 1826,
 1851,
 1904,
 1898,
 1903,
 1875,
 1832,
 1849,
 1892,
 1906,
 1845,
 1845,
 1844,
 1934,
 1827,
 1826,
 1826,
 1821,
 1798,
 1844,
 1817,
 1817,
 1817,
 1831,
 1842,
 1827,
 1808,
 1808,
 1808,
 1827,
 1826,
 1845,
 1845,
 1827,
 1827,
 1826,
 1823,
 1823,
 1827,
 1845,
 1845,
 1826,
 1827,
 1804,
 1826,
 1826,
 1827,
 1826,
 1827,
 1827,
 1849,
 1826,
 1779,
 1779,
 1849,
 1832,
 1831,
 1841,
 1826,
 1826,
 1826,
 1827,
 1798,
 1827,
 1827,
 1831,
 1831,
 1831,
 1821,
 1826,
 1779,
 1808,
 1808,
 1779,
 1822,
 1831,
 1808,
 1823,
 1823,
 1808,
 1827,
 1826,
 1826,
 1808,
 1826,
 1808,
 1779,
 1802,
 1779,
 1779,
 1808,
 1808,
 1808,
 1808,
 1808,
 1808,
 1808,
 1808,
 1808,
 1808,
 1808,
 1808,
 1808,
 1798,
 1804,
 1804,
 1804,
 1808,
 1808,
 1808,
 1808,
 1808,
 1802,
 1802,
 1779,
 1808,
 1808,
 1804,
 1804,
 1802,
 1802,
 1804,
 1804,
 1779,
 1779,
 1804,
 1804,
 1798,
 1798,
 1779,
 1779,
 1779,
 1779,
 1798,
 1779,
 1779,
 1779,
 1798,
 1802,
 1808,
 1779,
 1802,
 1798,
 1808,
 1808,
 1779,
 1779,
 1779,
 1779,
 1779,
 1804,
 1804,
 1802,
 1808,
 1802,
 1808,
 1808,
 1802,
 1802,
 1779,
 1804,
 1779,
 1779,
 1779,
 1802,
 1779,
 1802,
 1798,
 1808,
 1808,
 1804,
 1779,
 1779,
 1779,
 1779,
 1779,
 1779,
 1808,
 1779,
 1779,
 1802,
 1808,
 1808,
 1808,
 1779,
 1804,
 1779,
 1802,
 1808,
 1808,
 1808,
 1808,
 1808,
 1808,
 1808,
 1798,
 1779,
 1779,
 1779,
 1779,
 1808,
 1808,
 1802,
 1808,
 1808,
 1808,
 1808,
 1808,
 1808,
 1779,
 1804,
 1808,
 1808,
 1808,
 1779,
 1779,
 1779,
 1779,
 1779,
 1779,
 1802,
 1779,
 1802,
 1808,
 1798,
 1798,
 1798,
 1798,
 1808,
 1808,
 1808,
 1808,
 1808,
 1808,
 1808,
 1808,
 1808,
 1808,
 1808,
 1808,
 1808,
 1808,
 1808,
 1808,
 1808,
 1808,
 1808,
 1808,
 1808,
 1808,
 1808,
 1808,
 1808,
 1808,
 1808,
 1808,
 1808,
 1808,
 1808,
 1808,
 1808,
 1808,
 1808,
 1808,
 1808,
 1808,
 1808,
 1808,
 1808,
 1808,
 1808,
 1808,
 1808,
 1808,
 1808,
 1808,
 1808,
 1808,
 1808]