[2672,
 2446,
 2578,
 2586,
 2586,
 2499,
 2582,
 2492,
 2602,
 2594,
 2599,
 2656,
 2539,
 2605,
 2533,
 2442,
 2497,
 2441,
 2312,
 2640,
 2626,
 2673,
 2618,
 2639,
 2504,
 2616,
 2556,
 2445,
 2574,
 2580,
 2671,
 2435,
 2670,
 2538,
 2536,
 2291,
 2587,
 2624,
 2571,
 2477,
 2639,
 2352,
 2647,
 2602,
 2663,
 2460,
 2584,
 2164,
 2228,
 2423,
 2491,
 2580,
 2568,
 2494,
 2664,
 2689,
 2711,
 2590,
 2414,
 2397,
 2430,
 2271,
 2238,
 2554,
 2513,
 2556,
 2347,
 2471,
 2374,
 2445,
 2443,
 2676,
 2553,
 2473,
 2451,
 2529,
 2501,
 2451,
 2364,
 2238,
 2296,
 2547,
 2547,
 2547,
 2532,
 2604,
 2343,
 2595,
 2390,
 2461,
 2462,
 2571,
 2392,
 2524,
 2389,
 2417,
 2614,
 2242,
 2444,
 2436,
 2277,
 2277,
 2499,
 2440,
 2535,
 2476,
 2581,
 2416,
 2453,
 2755,
 2590,
 2602,
 2524,
 2314,
 2523,
 2601,
 2668,
 2441,
 2555,
 2448,
 2484,
 2197,
 2453,
 2271,
 2413,
 2488,
 2481,
 2520,
 2342,
 2591,
 2434,
 2434,
 2390,
 2229,
 2468,
 2232,
 2497,
 2434,
 2497,
 2291,
 2345,
 2226,
 2226,
 2466,
 2239,
 2414,
 2275,
 2583,
 2546,
 2480,
 2515,
 2488,
 2468,
 2287,
 2302,
 2512,
 2479,
 2484,
 2488,
 2437,
 2431,
 2343,
 2332,
 2351,
 2305,
 2384,
 2337,
 2337,
 2305,
 2321,
 2201,
 2476,
 2359,
 2285,
 2299,
 2311,
 2145,
 2230,
 2385,
 2457,
 2338,
 2196,
 2345,
 2211,
 2239,
 2346,
 2152,
 2400,
 2401,
 2293,
 2416,
 2501,
 2437,
 2392,
 1965,
 1912,
 2112,
 2181,
 2427,
 2111,
 2119,
 2318,
 2373,
 2294,
 2460,
 2497,
 2377,
 2299,
 2370,
 2311,
 2281,
 2447,
 2445,
 2499,
 2071,
 2281,
 2311,
 2341,
 2359,
 2283,
 2309,
 2362,
 2304,
 2319,
 2250,
 2188,
 2188,
 2187,
 2247,
 2247,
 2220,
 2220,
 2220,
 2220,
 2220,
 2183,
 2198,
 2040,
 1963,
 2023,
 2054,
 2082,
 2080,
 2154,
 2120,
 2190,
 2159,
 2078,
 2029,
 2139,
 2056,
 2056,
 2014,
 2014,
 2014,
 1831,
 1848,
 1878,
 1878,
 1916,
 1999,
 1938,
 1850,
 1849,
 1881,
 1941,
 1884,
 1904,
 1894,
 1913,
 2026,
 1954,
 2005,
 1980,
 1958,
 1958,
 1831,
 1831,
 1831,
 1916,
 1856,
 1856,
 1897,
 1887,
 1850,
 1845,
 1866,
 1966,
 1877,
 1886,
 1877,
 1877,
 1900,
 1892,
 1901,
 1882,
 1899,
 1899,
 1878,
 1940,
 1900,
 1900,
 1826,
 1827,
 1822,
 1851,
 1845,
 1848,
 1826,
 1831,
 1850,
 1845,
 1877,
 1845,
 1849,
 1827,
 1872,
 1864,
 1864,
 1804,
 1870,
 1847,
 1888,
 1888,
 1894,
 1915,
 1844,
 1850,
 1831,
 1827,
 1847,
 1826,
 1837,
 1837,
 1798,
 1779,
 1779,
 1779,
 1817,
 1822,
 1822,
 1826,
 1802,
 1802,
 1802,
 1802,
 1802,
 1802,
 1802,
 1779,
 1798,
 1817,
 1817,
 1779,
 1779,
 1779,
 1779,
 1779,
 1779,
 1779,
 1802,
 1779,
 1779,
 1802,
 1802,
 1802,
 1802,
 1798,
 1779,
 1779,
 1779,
 1779,
 1779,
 1802,
 1802,
 1798,
 1798,
 1779,
 1798,
 1779,
 1779,
 1779,
 1779,
 1798,
 1779,
 1802,
 1802,
 1802,
 1804,
 1779,
 1779,
 1779,
 1779,
 1779,
 1779,
 1779,
 1779,
 1798,
 1779,
 1779,
 1798,
 1779,
 1779,
 1779,
 1779,
 1779,
 1779,
 1779,
 1779,
 1779,
 1779,
 1779,
 1779,
 1779,
 1779,
 1779,
 1779,
 1779,
 1779,
 1779,
 1798,
 1798,
 1779,
 1779,
 1779,
 1779,
 1779,
 1779,
 1779,
 1779,
 1779,
 1779,
 1779,
 1779,
 1798,
 1779,
 1779,
 1779,
 1779,
 1779,
 1779,
 1779,
 1779,
 1779,
 1779,
 1779,
 1779,
 1779,
 1779,
 1779,
 1779,
 1779,
 1779,
 1779,
 1779,
 1779,
 1779,
 1779,
 1779,
 1779,
 1779,
 1779,
 1779,
 1779,
 1779,
 1779,
 1779,
 1779,
 1779,
 1779,
 1779,
 1779,
 1779,
 1779,
 1779,
 1779,
 1779,
 1779,
 1779,
 1779,
 1779,
 1779,
 1779,
 1779,
 1779,
 1779,
 1779,
 1779,
 1779,
 1779,
 1779,
 1779,
 1779,
 1779,
 1779,
 1779,
 1779,
 1779,
 1779,
 1779]